% Aj l ls  F  D Om Me Ve Te Ma Ju Sa Ur Ne Pa    Periode      ReREN      ImREN      ReMHB      ImMHB      ReCOR      ImCOR      ReADD      ImADD     ReRET     ImRET
% Tom Herring                                                   mas               ------ IAU 2000 --
  U  0  0  0  0  1  0  0  0  0  0  0  0  0  0   -6798.38  8050.8660    -0.0745  8024.7748    -1.4329     0.0083     0.0070    -0.0002     0.0000    -0.915     0.966
  U  0  0  0  0 -1  0  0  0  0  0  0  0  0  0    6798.38  1177.0440    -0.0776  1180.4583     0.1048    -0.0071    -0.0070    -0.0007     0.0009     0.116    -0.123
  U  0  0  0  0  2  0  0  0  0  0  0  0  0  0   -3399.19   -86.7420    -0.0028   -86.1351     0.0284    -0.0022     0.0000     0.0001    -0.0001     0.000     0.000
  U  0  0  0  0 -2  0  0  0  0  0  0  0  0  0    3399.19    -3.5949     0.0004    -3.6141    -0.0007    -0.0002     0.0000     0.0000     0.0000     0.000     0.000
  U  2  0 -2  0 -2  0  0  0  0  0  0  0  0  0   -1615.75     0.0046     0.0000     0.0045     0.0000     0.0000     0.0000     0.0000     0.0000     0.000     0.000
  U -2  0  2  0  2  0  0  0  0  0  0  0  0  0    1615.75     0.1255     0.0000     0.1266     0.0001     0.0000     0.0000     0.0000     0.0000     0.000     0.000
  U  2  0 -2  0 -1  0  0  0  0  0  0  0  0  0   -1305.48    -0.3063     0.0000    -0.2990     0.0004     0.0000     0.0000     0.0000     0.0000     0.000     0.000
  U -2  0  2  0  1  0  0  0  0  0  0  0  0  0    1305.48    -2.0994     0.0000    -2.1246    -0.0016     0.0000     0.0000     0.0000     0.0000     0.000     0.000
  U  2  0 -2  0  0  0  0  0  0  0  0  0  0  0   -1095.18    -0.2210     0.0000    -0.2141     0.0004     0.0000     0.0000     0.0000     0.0000     0.000     0.000
  U -2  0  2  0  0  0  0  0  0  0  0  0  0  0    1095.18     0.2214     0.0000     0.2245     0.0002     0.0000     0.0000     0.0000     0.0000     0.000     0.000
  U  0 -1  0  0 -1  0  0  0  0  0  0  0  0  0    -386.00     0.0999     0.0000     0.1481    -0.0038     0.0000     0.0000    -0.0007     0.0009     0.000     0.000
  U  0  1  0  0  1  0  0  0  0  0  0  0  0  0     386.00     0.6894     0.0000     0.7070     0.0007     0.0000     0.0000     0.0000     0.0000     0.000     0.000
  U  0 -1  0  0  0  0  0  0  0  0  0  0  0  0    -365.26    24.8938     0.0000    33.0470    -0.3312     0.0304     0.0000    -0.0866     0.1072     0.174    -0.217
  I  0  1  0  0  0  0  0  0  0  0  0  0  0  0     365.26   -25.0287     0.0000   -25.6599    -0.1388    -0.0408     0.1082     0.0006    -0.0007    -0.021     0.022
  U  0 -1  0  0  1  0  0  0  0  0  0  0  0  0    -346.64     0.4559     0.0000     0.5724    -0.0026     0.0000     0.0000    -0.0010     0.0012     0.000     0.000
  U  0  1  0  0 -1  0  0  0  0  0  0  0  0  0     346.64     0.0673     0.0000     0.0691     0.0000     0.0000     0.0000     0.0000     0.0000     0.000     0.000
  U  0  0 -2  2 -2  0  0  0  0  0  0  0  0  0    -182.62    22.5923     0.0000    24.5626     0.0430     0.0004     0.0000    -0.0064     0.0073     0.062    -0.071
  U  0  0  2 -2  2  0  0  0  0  0  0  0  0  0     182.62   530.7425     0.0000   548.4710     0.5017    -0.0004     0.0000    -0.0223     0.0231     0.560    -0.610
  U  0 -1 -2  2 -2  0  0  0  0  0  0  0  0  0    -121.75     0.8779     0.0000     0.9403     0.0017     0.0000     0.0000     0.0000     0.0000     0.000     0.000
  U  0  1  2 -2  2  0  0  0  0  0  0  0  0  0     121.75    20.7420     0.0000    21.4983     0.0191     0.0000     0.0000    -0.0010     0.0010     0.000     0.000
  U  1  0  0 -2  0  0  0  0  0  0  0  0  0  0     -31.81     2.8822     0.0000     3.0608     0.0074     0.0000     0.0000    -0.0004     0.0005     0.000     0.000
  U -1  0  0  2  0  0  0  0  0  0  0  0  0  0      31.81    -3.0681     0.0000    -3.1843    -0.0008     0.0000     0.0000     0.0000     0.0000     0.000     0.000
  U -1  0  0  0  0  0  0  0  0  0  0  0  0  0     -27.55    12.9920     0.0000    13.8066     0.0352     0.0000     0.0000    -0.0020     0.0026     0.000     0.000
  U  1  0  0  0  0  0  0  0  0  0  0  0  0  0      27.55   -13.9645     0.0000   -14.4816    -0.0006     0.0000     0.0000     0.0005    -0.0002     0.000     0.000
  U -1  0 -2  2 -2  0  0  0  0  0  0  0  0  0     -23.94    -0.0453     0.0000    -0.0482    -0.0001     0.0000     0.0000     0.0000     0.0000     0.000     0.000
  U  1  0  2 -2  2  0  0  0  0  0  0  0  0  0      23.94    -1.1444     0.0000    -1.1856     0.0002     0.0000     0.0000     0.0000     0.0000     0.000     0.000
  U  0  0  0 -2  0  0  0  0  0  0  0  0  0  0     -14.77     1.1214     0.0000     1.1995     0.0044     0.0000     0.0000     0.0000     0.0000     0.000     0.000
  U  0  0  0  2  0  0  0  0  0  0  0  0  0  0      14.77    -1.2825     0.0000    -1.3215     0.0015     0.0000     0.0000     0.0000     0.0000     0.000     0.000
  U -2  0  0  0  0  0  0  0  0  0  0  0  0  0     -13.78     0.5146     0.0000     0.5512     0.0021     0.0000     0.0000     0.0000     0.0000     0.000     0.000
  U  2  0  0  0  0  0  0  0  0  0  0  0  0  0      13.78    -0.5946     0.0000    -0.6121     0.0008     0.0000     0.0000     0.0000     0.0000     0.000     0.000
  U  0  0 -2  0 -2  0  0  0  0  0  0  0  0  0     -13.66     3.4044     0.0000     3.6477     0.0131     0.0000     0.0000    -0.0007    -0.0010     0.006    -0.014
  U  0  0  2  0  2  0  0  0  0  0  0  0  0  0      13.66    91.5167     0.0000    94.1984    -0.1243     0.0000     0.0000     0.0010    -0.0064    -0.035     0.085
  U  1  0 -2 -2 -2  0  0  0  0  0  0  0  0  0      -9.56     0.0842     0.0000     0.0910     0.0003     0.0000     0.0000     0.0000     0.0000     0.000     0.000
  U -1  0  2  2  2  0  0  0  0  0  0  0  0  0       9.56     2.4096     0.0000     2.4635    -0.0063     0.0000     0.0000     0.0000     0.0000     0.000     0.000
  U -1  0 -2  0 -2  0  0  0  0  0  0  0  0  0      -9.13     0.4212     0.0000     0.4555     0.0021     0.0000     0.0000     0.0000     0.0000     0.000     0.000
  U  1  0  2  0  2  0  0  0  0  0  0  0  0  0       9.13    12.1886     0.0000    12.4471    -0.0346     0.0000     0.0000     0.0008    -0.0019     0.000     0.000
  U -1  0 -2  0 -1  0  0  0  0  0  0  0  0  0      -9.12     0.2697     0.0000     0.2918     0.0013     0.0000     0.0000     0.0000     0.0000     0.000     0.000
  U  1  0  2  0  1  0  0  0  0  0  0  0  0  0       9.12     2.2963     0.0000     2.3448    -0.0065     0.0000     0.0000     0.0000     0.0000     0.000     0.000
  U  0  0 -2 -2 -2  0  0  0  0  0  0  0  0  0      -7.10     0.0509     0.0000     0.0555     0.0003     0.0000     0.0000     0.0000     0.0000     0.000     0.000
  U  0  0  2  2  2  0  0  0  0  0  0  0  0  0       7.10     1.5673     0.0000     1.5895    -0.0065     0.0000     0.0000     0.0000     0.0000     0.000     0.000
  U -2  0 -2  0 -2  0  0  0  0  0  0  0  0  0      -6.86     0.0406     0.0000     0.0444     0.0003     0.0000     0.0000     0.0000     0.0000     0.000     0.000
  U  2  0  2  0  2  0  0  0  0  0  0  0  0  0       6.86     1.2625     0.0000     1.2794    -0.0056     0.0000     0.0000     0.0000     0.0000     0.000     0.000

%REN: rigid earth nutation (Souchay et al. 1997).

%A = (Re + i Im) exp(i sigma t)

%sigma = somme de coefficients entiers * (freq * t + phase)

%0*l + 0*ls + 0*F + 0*D + 1*Om = 1*freq de Om + 1*phase de Om = -6962890.543100*t+125.04455501
%ici t en siecles (juliens) par rapport à J2000 (1 siecle = 36525 jours)

%Comparaison à faire : (amplitude ajustee sur la serie + amplitude IAU 2000) / amplitude REN

